stock 1: [(10, 0.92)]
stock 2: [(11, 0.93), (16, 0.93), (20, -0.9), (27, 0.93), (34, 0.95), (35, -0.91), (42, 0.95)]
stock 3: [(12, 0.93), (18, 0.92), (20, -0.92), (25, -0.97), (27, 0.91), (34, 0.94), (40, 0.92), (41, -0.95), (42, 0.9)]
stock 10: [(1, 0.92)]
stock 11: [(2, 0.93), (16, 0.9), (42, 0.91)]
stock 12: [(3, 0.93), (25, -0.92), (27, 0.92)]
stock 16: [(2, 0.93), (11, 0.9), (34, 0.91)]
stock 18: [(3, 0.92), (25, -0.92), (27, 0.9), (36, -0.93), (41, -0.91), (46, -0.92)]
stock 20: [(2, -0.9), (3, -0.92), (25, 0.91), (34, -0.94), (35, 0.91)]
stock 25: [(3, -0.97), (12, -0.92), (18, -0.92), (20, 0.91), (27, -0.91), (34, -0.92), (41, 0.92), (46, 0.92)]
stock 27: [(2, 0.93), (3, 0.91), (12, 0.92), (18, 0.9), (25, -0.91), (34, 0.91), (42, 0.95)]
stock 29: [(46, -0.9)]
stock 34: [(2, 0.95), (3, 0.94), (16, 0.91), (20, -0.94), (25, -0.92), (27, 0.91), (35, -0.95), (42, 0.93)]
stock 35: [(2, -0.91), (20, 0.91), (34, -0.95)]
stock 36: [(18, -0.93), (41, 0.91)]
stock 40: [(3, 0.92)]
stock 41: [(3, -0.95), (18, -0.91), (25, 0.92), (36, 0.91)]
stock 42: [(2, 0.95), (3, 0.9), (11, 0.91), (27, 0.95), (34, 0.93)]
stock 46: [(18, -0.92), (25, 0.92), (29, -0.9)]
